    191.2250     27.7333     -163.04      -29.80        15.2        6539
    191.2750     27.2667     -161.07      -57.80        14.7        7124
    191.3500     27.5000     -156.73      -43.80        14.0        7917
    191.4750     27.1333     -150.58      -65.80        15.2        6923
    191.5500     26.7000     -147.14      -91.80        15.7        7094
    191.8000     27.1667     -133.19      -63.80        14.9        7435
    191.8500     28.0833     -129.43       -8.80        15.4        6902
    191.9500     27.6000     -124.69      -37.80        15.2        7858
    192.0000     27.7167     -121.90      -30.80        15.6        6528
    192.0750     28.1000     -117.50       -7.80        14.8        7442
    192.1250     27.6500     -115.33      -34.80        15.5        8355
    192.1500     29.2000     -112.35       58.20        15.1        6687
    192.2000     27.3833     -111.62      -50.80        15.3        5437
    192.2250     27.7000     -109.97      -31.80        15.4        7160
    192.4000     27.3000     -101.04      -55.80        15.4        6546
    192.4000     27.8500     -100.53      -22.80        15.5        8188
    192.5250     27.0167      -94.61      -72.80        15.7        7981
    192.5500     26.7500      -93.49      -88.80        15.5        6364
    192.5750     27.6667      -91.40      -33.80        15.3        7855
    192.6000     28.6500      -89.25       25.20        14.5        7112
    192.6750     27.3500      -86.33      -52.80        15.0        6154
    192.8500     26.7167      -77.44      -90.80        15.0        7003
    192.8500     29.2500      -75.65       61.20        15.6        7890
    192.9000     29.8667      -72.58       98.20        14.8        6529
    192.9250     27.3333      -73.02      -53.80        15.5        7636
    192.9500     27.5833      -71.53      -38.80        15.4        6462
    192.9750     27.3333      -70.36      -53.80        13.3        8375
    193.0250     28.6500      -66.87       25.20        15.5        7132
    193.0500     27.2000      -66.44      -61.80        15.6        6203
    193.0750     30.8000      -62.88      154.20        15.7        6348
    193.1250     27.6833      -62.16      -32.80        14.3        7679
    193.1250     28.6833      -61.59       27.20        15.7        7503
    193.2500     28.0833      -55.32       -8.80        15.5        7443
    193.2500     28.7333      -54.98       30.20        15.7        7185
    193.2750     27.7833      -54.14      -26.80        14.4        6853
    193.2750     27.9333      -54.07      -17.80        15.3        7092
    193.3250     27.5167      -51.62      -42.80        14.8        7177
    193.4250     27.9500      -46.11      -16.80        15.5        4887
    193.4250     27.9167      -46.13      -18.80        16.0        7424
    193.4500     28.0167      -44.76      -12.80        14.8        6862
    193.5000     26.6333      -42.64      -95.80        15.2        6292
    193.5000     28.0167      -42.11      -12.80        15.5        7100
    193.5250     27.2167      -41.08      -60.80        15.0        6980
    193.5250     27.2500      -41.07      -58.80        14.0        6702
    193.5250     28.1000      -40.75       -7.80        15.6        6771
    193.5500     28.5333      -39.27       18.20        16.0        7259
    193.5750     27.4333      -38.34      -47.80        14.1        7656
    193.5750     28.2833      -38.04        3.20        15.4        6141
    193.5750     30.9833      -37.04      165.20        15.1        7862
    193.6000     27.3667      -37.03      -51.80        15.7        6852
    193.6250     26.7500      -35.90      -88.80        14.9        7747
    193.6250     27.1667      -35.77      -63.80        15.1        6254
    193.6250     29.2000      -35.09       58.20        15.2        8030
    193.6250     30.9833      -34.46      165.20        14.7        7286
    193.6500     29.3167      -33.74       65.20        15.4        7258
    193.7000     27.7333      -31.60      -29.80        15.0        7341
    193.7000     29.3000      -31.13       64.20        14.8        7472
    193.7500     27.7667      -28.93      -27.80        13.6        7450
    193.7500     27.8167      -28.92      -24.80        15.3        5523
    193.7500     27.6833      -28.96      -32.80        16.0        4889
    193.7750     26.7667      -27.86      -87.80        15.4        7041
    193.7750     27.8833      -27.58      -20.80        14.8        6199
    193.7750     28.4667      -27.43       14.20        15.4        7078
    193.7750     28.7500      -27.35       31.20        13.5        6708
    193.8000     27.1167      -26.44      -66.80        15.5        6514
    193.8000     27.7500      -26.28      -28.80        14.9        7518
    193.8250     28.1000      -24.88       -7.80        15.7        6163
    193.8250     28.1500      -24.86       -4.80        15.3        6044
    193.8500     28.4500      -23.48       13.20        15.5        7359
    193.8500     29.9167      -23.14      101.20        15.2        5319
    193.8750     28.3333      -22.18        6.20        16.0        8151
    193.9000     27.1333      -21.09      -65.80        15.2        7371
    193.9000     27.1833      -21.08      -62.80        15.5        7979
    193.9000     28.0833      -20.91       -8.80        15.7        7205
    193.9250     28.5167      -19.51       17.20        14.2        7224
    193.9500     26.6667      -18.50      -93.80        14.5        5829
    193.9500     28.4000      -18.21       10.20        15.5        7414
    193.9500     28.9833      -18.11       45.20        15.5        7623
    193.9500     29.2167      -18.07       59.20        15.2        7572
    193.9750     28.4167      -16.89       11.20        15.2        7792
    193.9750     29.4000      -16.73       70.20        15.0        7850
    193.9750     28.0333      -16.95      -11.80        16.9        5379
    193.9750     27.5833      -17.02      -38.80        16.0        7478
    194.0000     28.2333      -15.59        0.20        15.3        5996
    194.0250     27.5167      -14.37      -42.80        15.4        7425
    194.0250     28.2833      -14.27        3.20        15.0        7254
    194.0250     28.3167      -14.26        5.20        16.5        5905
    194.0250     27.9500      -14.31      -16.80        16.5        6906
    194.0500     27.3667      -13.05      -51.80        15.3        7872
    194.0500     27.4333      -13.05      -47.80        15.4        7666
    194.0500     27.8500      -13.00      -22.80        14.2        7561
    194.0500     28.3833      -12.93        9.20        15.6        6827
    194.1000     27.9500      -10.34      -16.80        15.2        8062
    194.1000     28.0833      -10.32       -8.80        15.3        6107
    194.1000     28.3500      -10.30        7.20        16.1        5940
    194.1125     28.0583       -9.66      -10.30        15.6        5703
    194.1250     28.0833       -9.00       -8.80        16.6        5521
    194.1250     28.0667       -9.00       -9.80        16.7        7008
    194.1250     28.2333       -8.99        0.20        16.3        5676
    194.1325     28.1067       -8.60       -7.40        14.9        7538
    194.1500     27.0833       -7.75      -68.80        14.8        7037
    194.1500     28.2333       -7.66        0.20        16.7        8320
    194.1575     28.3867       -7.26        9.40        15.5        9398
    194.1575     28.4967       -7.25       16.00        15.3        8028
    194.1675     28.3950       -6.73        9.90        14.7        7877
    194.1700     28.2667       -6.61        2.20        15.6        7868
    194.1750     28.1833       -6.35       -2.80        16.2        6451
    194.1750     27.9167       -6.36      -18.80        15.1        5366
    194.1750     28.0400       -6.35      -11.40        15.6        6317
    194.1750     28.2333       -6.34        0.20        16.9        6905
    194.1800     28.0567       -6.09      -10.40        15.2        7094
    194.1800     28.1267       -6.09       -6.20        15.5        6682
    194.2000     28.1333       -5.03       -5.80        17.2        6880
    194.2000     28.0467       -5.03      -11.00        15.7        6648
    194.2000     28.2483       -5.02        1.10        14.8        6831
    194.2000     27.6667       -5.05      -33.80        15.4        5633
    194.2000     27.9000       -5.04      -19.80        18.3        5584
    194.2075     28.2417       -4.63        0.70        15.5        4827
    194.2075     28.3467       -4.62        7.00        15.6        7811
    194.2250     28.4667       -3.69       14.20        16.5        9684
    194.2250     28.1500       -3.70       -4.80        16.2        6526
    194.2250     28.2500       -3.70        1.20        17.2        6420
    194.2250     28.3500       -3.70        7.20        16.8        7135
    194.2300     28.3533       -3.43        7.40        14.6        4655
    194.2425     28.1833       -2.78       -2.80        14.9        6715
    194.2500     28.1667       -2.38       -3.80        16.3        5100
    194.2500     28.2333       -2.38        0.20        16.6        7671
    194.2500     28.2500       -2.38        1.20        16.3        6091
    194.2500     28.2667       -2.38        2.20        16.6        6665
    194.2500     28.2000       -2.38       -1.80        17.5        7840
    194.2500     28.4500       -2.37       13.20        17.4        7430
    194.2500     28.5500       -2.37       19.20        16.9        7921
    194.2675     28.1217       -1.46       -6.50        15.5        6937
    194.2700     28.2283       -1.32       -0.10        15.1        7100
    194.2750     28.1567       -1.06       -4.40        15.2        4732
    194.2750     28.3167       -1.06        5.20        15.1        6916
    194.2750     28.0667       -1.06       -9.80        16.6        7841
    194.2825     28.2517       -0.66        1.30        15.4        5649
    194.2875     28.2167       -0.40       -0.80        15.3        6923
    194.2950     28.2300        0.00        0.00        13.7        7183
    194.3000     28.9000        0.26       40.20        15.6        5342
    194.3000     29.1667        0.26       56.20        15.0        6208
    194.3000     29.2000        0.26       58.20        15.5        5914
    194.3000     28.2500        0.26        1.20        16.5        6856
    194.3000     28.1333        0.26       -5.80        17.2        6426
    194.3000     28.4333        0.26       12.20        17.1        5437
    194.3050     28.1767        0.53       -3.20        15.6        7870
    194.3200     28.1950        1.32       -2.10        15.7        6812
    194.3250     28.2167        1.59       -0.80        16.3        7920
    194.3250     27.9333        1.59      -17.80        16.0        6730
    194.3250     28.2667        1.59        2.20        16.0        7001
    194.3250     28.2333        1.59        0.20        16.6        6771
    194.3250     27.9667        1.59      -15.80        15.1        8219
    194.3300     28.1833        1.85       -2.80        15.1        6979
    194.3375     28.1267        2.25       -6.20        15.6        7916
    194.3425     28.2433        2.51        0.80        15.6        9358
    194.3500     28.2000        2.91       -1.80        17.0        9842
    194.3750     28.4000        4.22       10.20        16.1        7453
    194.3750     28.2000        4.23       -1.80        16.1        7848
    194.3750     28.1000        4.23       -7.80        17.2        7895
    194.3800     28.3033        4.49        4.40        15.2        7949
    194.3875     28.5167        4.88       17.20        14.7        6703
    194.4000     27.1667        5.60      -63.80        14.7        5881
    194.4000     28.5167        5.54       17.20        16.9        7432
    194.1750     28.2167       -6.34       -0.80        17.9        5994
    194.4000     28.2333        5.55        0.20        17.8        6949
    194.4125     28.2550        6.21        1.50        15.1        6226
    194.4175     28.0767        6.49       -9.20        15.7        6636
    194.4250     28.3000        6.87        4.20        16.6        5931
    194.4250     28.2500        6.87        1.20        16.0        7816
    194.4250     28.2417        6.87        0.70        13.0        6512
    194.4250     28.2717        6.87        2.50        15.6        7115
    194.4250     28.0500        6.88      -10.80        15.8        6061
    194.4250     27.9500        6.89      -16.80        16.3        6716
    194.4250     28.5167        6.85       17.20        16.0        7259
    194.4300     28.1350        7.14       -5.70        15.6        5121
    194.4300     28.3467        7.13        7.00        15.7        7349
    194.4375     28.4367        7.52       12.40        15.6        6774
    194.4500     28.3500        8.18        7.20        15.8        7394
    194.4500     29.1000        8.13       52.20        15.4        7399
    194.4575     28.3083        8.58        4.70        15.6        5804
    194.4675     28.2367        9.12        0.40        15.7        4560
    194.4700     28.2250        9.25       -0.30        14.7        6950
    194.4700     28.4683        9.23       14.30        14.3        8422
    194.4750     28.3333        9.51        6.20        16.3        6179
    194.4750     28.2167        9.52       -0.80        16.6        5146
    194.4875     28.3150       10.17        5.10        15.5        8162
    194.5000     26.9333       10.97      -77.80        15.2        7212
    194.5000     29.1333       10.74       54.20        15.4        6787
    194.5000     27.7833       10.88      -26.80        16.0        7849
    194.5250     28.2333       12.16        0.20        16.0        6936
    194.5250     28.2500       12.16        1.20        15.9        7753
    194.5250     28.0333       12.18      -11.80        16.5        6716
    194.5250     27.9167       12.19      -18.80        15.4        7508
    194.5250     28.6167       12.11       23.20        15.1        5836
    194.5450     28.4150       13.19       11.10        15.7        5536
    194.5500     29.2833       13.34       63.20        14.6        7193
    194.5500     28.2833       13.47        3.20        16.2        7587
    194.5550     28.3267       13.73        5.80        15.1        7527
    194.5625     28.1933       14.15       -2.20        15.2        7478
    194.5675     28.2633       14.40        2.00        15.7        7087
    194.5750     28.6000       14.75       22.20        15.6        8008
    194.5750     28.2367       14.80        0.40        15.5        6243
    194.5750     28.2333       14.80        0.20        15.8        8056
    194.5750     28.3667       14.78        8.20        16.3        6621
    194.5750     28.7833       14.72       33.20        16.0        8970
    194.5750     28.6833       14.74       27.20        17.8        6314
    194.6000     28.1833       16.13       -2.80        16.2        8692
    194.6000     28.3583       16.10        7.70        15.1        6542
    194.6000     28.4250       16.09       11.70        14.6        5883
    194.6000     27.6667       16.21      -33.80        15.5        6932
    194.6125     28.3100       16.77        4.80        14.9        8853
    194.6200     28.2750       17.17        2.70        14.8        4947
    194.6250     28.6333       17.38       24.20        14.9        7695
    194.6250     28.0583       17.47      -10.30        13.7        8021
    194.6250     28.1000       17.47       -7.80        17.2        7215
    194.6675     28.1667       19.70       -3.80        15.6        6917
    194.6750     28.0833       20.12       -8.80        15.7        5986
    194.6750     28.3000       20.07        4.20        17.0        6925
    194.7000     28.0667       21.44       -9.80        15.7        6522
    194.7000     28.1833       21.42       -2.80        16.4        6015
    194.7250     28.0667       22.77       -9.80        14.9        7098
    194.7500     28.1333       24.07       -5.80        13.7        5474
    194.7500     29.5833       23.74       81.20        14.2        7372
    194.7500     28.2667       24.04        2.20        16.5        7482
    194.7750     28.1000       25.41       -7.80        14.7        5446
    194.7750     28.9500       25.20       43.20        15.3        8922
    194.8000     29.4000       26.40       70.20        14.8        7518
    194.8000     28.4167       26.65       11.20        17.0        5387
    194.8500     28.1500       29.36       -4.80        15.5        7626
    194.8500     28.3667       29.30        8.20        15.2        5928
    194.8500     29.3167       29.04       65.20        14.8        7027
    194.8750     27.8833       30.76      -20.80        14.1        7676
    194.9000     28.0500       32.04      -10.80        15.4        7213
    194.9000     28.2667       31.97        2.20        14.8        7572
    194.9250     27.9167       33.40      -18.80        15.1        7186
    194.9250     29.5167       32.89       77.20        14.9        7285
    194.9500     28.4833       34.54       15.20        15.5        8323
    194.9500     28.6667       34.48       26.20        15.5        7625
    195.0000     28.5000       37.17       16.20        15.2        5733
    195.0000     28.5333       37.16       18.20        15.7        7149
    195.0500     28.3667       39.86        8.20        15.5        7454
    195.0750     28.3000       41.21        4.20        14.9        6353
    195.0750     28.6500       41.07       25.20        15.6        7454
    195.1000     28.1167       42.60       -6.80        15.1        8180
    195.1250     28.3333       43.83        6.20        15.7        7904
    195.1500     26.7833       45.80      -86.80        15.7        5970
    195.1500     28.2833       45.18        3.20        14.4        5839
    195.2000     28.8333       47.57       36.20        15.2        6931
    195.2250     28.2833       49.14        3.20        15.0        6104
    195.2500     26.8167       51.14      -84.80        15.5        6729
    195.3500     28.3500       55.71        7.20        15.6        5751
    195.3750     28.2500       57.08        1.20        15.4        6342
    195.3750     28.4667       56.97       14.20        13.3        7013
    195.4500     28.5167       60.89       17.20        15.4        5984
    195.4750     28.7333       62.08       30.20        16.0        7787
    195.5000     27.5667       64.09      -39.80        15.5        5627
    195.5000     29.0833       63.18       51.20        15.3        8066
    195.6500     29.3833       70.84       69.20        13.6        5886
    195.7000     26.2167       75.63     -120.80        15.0        6542
    195.7000     27.8333       74.55      -23.80        14.2        6995
    195.7500     29.5667       75.93       80.20        15.5        7176
    195.9000     28.8500       84.35       37.20        15.5        8010
    195.9000     29.5500       83.77       79.20        15.0        8000
    195.9500     25.7167       89.46     -150.80        14.9        7387
    195.9750     29.3333       87.88       66.20        13.9        7098
    196.0250     27.4333       92.13      -47.80        15.7        7861
    196.0750     28.1333       94.18       -5.80        16.0        6905
    196.1250     28.8000       96.22       34.20        15.0        6394
    196.2000     28.3000      100.64        4.20        15.5        6654
    196.3000     27.7500      106.46      -28.80        15.7        6667
    196.4000     28.9667      110.50       44.20        15.4        7730
    196.4500     27.7667      114.41      -27.80        15.4        7385
    196.5000     28.5833      116.18       21.20        14.9        6647
    196.6250     28.4500      122.92       13.20        14.3        5986
    196.6500     28.3000      124.41        4.20        15.6        7276
    196.7250     29.6333      126.73       84.20        15.1        6534
    196.8500     29.1667      133.86       56.20        14.0        5643
    197.1750     29.8333      149.90       96.20        15.3        7190
    197.4250     27.5833      166.45      -38.80        15.0        6141
    197.5000     28.7833      168.54       33.20        15.7        6938
